R2: 0.520575, R2 ajustado: 0.520466, N observaciones: 26338
Coeficientes:
const = -29.03793021889594
vis_sm = -0.01761281479087963
wind_vel_kts = 0.06375153288523563
wx_temp = 0.01672080235979094
num_eng = 4.0877386031057625
total_seats = 0.5990783864897247
acft_year = 0.012176164571999099
