R2: 0.534778, R2 ajustado: 0.534671, N observaciones: 26109
Coeficientes:
const = -21.867466700063883
vis_sm = -0.01820434139389797
wind_vel_kts = 0.09431033250258647
wx_temp = 0.007256963498930051
num_eng = 2.3590843427553807
total_seats = 0.5815034390495528
acft_year = 0.009625700446727121
